function [Xd,dXd]=quy_dao(t)
[~,~,~,R,~]=bien();
Xd(1)=0.7+0.4*sin(69/500*t^2-23/2500*t^3); %m
Xd(2)=1.27+0.4*cos(69/500*t^2-23/2500*t^3);
Xd(3)=0; %m

dXd(1)=(69/625*t-69/6250*t^2)*cos(69/500*t^2-23/2500*t^3);
dXd(2)=-(69/625*t-69/6250*t^2)*sin(69/500*t^2-23/2500*t^3);
dXd(3)=0;
end