function [L1,L2,L3,L4,L5,R,h]=bien()
L1 = 1;
L2 = 0.5;
L3 = 0.2;
L4 = 0.2;
L5 = 0.5;
R=0.15;
h=0.02;