function [m1,m2,m3,m4,m5,L1,L2,L3,L4,L5,Lc1,Lc2,Lc3,Lc4,Lc5,g,I1x,I1y,I1z,I2x,I2y,I2z,I3x,I3y,I3z,I4x,I4y,I4z,I5x,I5y,I5z]=parameter ()
m1=3.5; %kg
m2=0.2; 
m3=0.45;
m4=0.39999;
m5=0.1495;
L1 = 0.5;
L2 = 0.085;
L3 = 0.17111;
L4 = 0.17;
L5 = 0.249999;
Lc1=L1/2;
Lc2=L2/2;
Lc3=L3/2;
Lc4=L4/2;
Lc5=L5/2;
g=9.81;

I1x=0.85;
I1y=0.25;
I1z=0.69;

I2x=0.05;
I2y=0.02;
I2z=0.04;

I3x=0.15;
I3y=0.05;
I3z=0.1;

I4x=0.18;
I4y=0.07;
I4z=0.12;

I5x=0.08;
I5y=0.04;
I5z=0.06;
