function [m1,m2,m3,L1,L2,L3,I1x,I1y,I1z,I2x,I2y,I2z,I3x,I3y,I3z,g]=parameter ()
m1=1; %kg
m2=0.7; 
m3=0.45;
g=9.81;

L1 = 1;
L2 = 0.8;
L3 = 0.5;

I1x=10^(-4);
I1y=10^(-4);
I1z=10^(-4);

I2x=10^(-4);
I2y=10^(-4);
I2z=10^(-4);

I3x=10^(-4);
I3y=10^(-4);
I3z=10^(-4);


